201 1 4
201 111 4
201 268 4
201 283 4
201 291 4
201 305 4
201 331 4
201 740 4
202 259 3
202 292 3
202 682 3
202 872 3
202 877 3
202 880 3
202 887 3
202 895 3
202 948 3
203 7 3
203 9 3
203 100 3
203 106 3
203 111 3
203 117 3
203 118 3
203 121 3
203 123 3
203 129 3
203 148 3
203 181 3
203 222 3
203 235 3
203 274 3
203 276 3
203 284 3
203 291 3
203 370 2
203 410 3
203 471 3
203 472 3
203 515 3
203 546 3
203 597 3
203 685 3
203 748 3
203 845 3
203 864 3
203 866 3
203 925 3
203 928 3
204 22 4
204 66 4
204 243 3
204 245 4
204 258 4
204 259 3
204 269 4
204 270 4
204 289 4
204 300 4
204 307 4
204 310 4
204 313 4
204 323 4
204 327 3
204 331 4
204 333 4
204 342 3
204 343 3
204 348 3
204 678 4
204 683 3
204 687 3
204 689 4
204 690 4
204 748 4
204 754 4
204 879 4
204 892 4
204 901 2
205 2 2
205 5 2
205 8 2
205 11 2
205 12 2
205 22 2
205 23 2
205 28 2
205 29 2
205 30 2
205 31 2
205 32 2
205 33 2
205 37 2
205 38 2
205 39 2
205 40 2
205 41 2
205 42 2
205 43 2
205 45 2
205 47 2
205 48 2
205 49 2
205 50 2
205 51 2
205 52 2
205 53 2
205 55 2
205 56 2
205 57 2
205 58 2
205 60 2
205 61 2
205 62 2
205 63 2
205 64 2
205 66 2
205 67 2
205 68 2
205 70 2
205 71 2
205 72 2
205 73 2
205 75 2
205 76 2
205 77 2
205 78 2
205 80 2
205 81 2
205 82 2
205 83 2
205 85 2
205 87 2
205 88 2
205 90 2
205 91 2
205 92 2
205 94 2
205 96 2
205 97 2
205 98 2
205 101 2
205 102 2
205 127 2
205 132 2
205 135 2
205 139 2
205 141 2
205 142 2
205 149 2
205 161 2
205 168 2
205 169 2
205 172 2
205 173 2
205 175 2
205 178 2
205 179 2
205 180 2
205 183 2
205 184 2
205 185 2
205 186 2
205 188 2
205 189 2
205 190 2
205 191 2
205 192 2
205 193 2
205 195 2
205 197 2
205 198 2
205 199 2
205 200 2
205 202 2
205 204 2
205 206 2
205 207 2
205 208 2
205 210 2
205 211 2
205 212 2
205 214 2
205 215 2
205 216 2
205 217 2
205 218 2
205 219 2
205 226 2
205 227 2
205 228 2
205 229 2
205 230 2
205 231 2
205 232 2
205 233 2
205 234 2
205 238 2
205 239 2
205 265 2
205 288 2
205 302 2
205 308 2
205 317 2
205 318 2
205 347 2
205 350 2
205 351 2
205 356 2
205 361 3
205 364 2
205 365 2
205 366 2
205 367 2
205 371 2
205 374 3
205 376 2
205 377 3
205 379 2
205 383 2
205 384 2
205 386 2
205 387 2
205 388 3
205 391 2
205 393 2
205 395 2
205 396 2
205 397 4
205 399 2
205 400 4
205 402 2
205 403 2
205 404 2
205 414 2
205 415 3
205 416 2
205 417 2
205 419 2
205 420 2
205 421 2
205 422 3
205 423 2
205 426 2
205 427 2
205 430 2
205 431 2
205 433 2
205 434 2
205 437 3
205 438 3
205 439 3
205 440 1
205 441 2
205 442 2
205 444 2
205 446 2
205 447 2
205 448 2
205 449 2
205 450 2
205 451 2
205 452 2
205 453 2
205 461 2
205 462 2
205 463 2
205 464 2
205 465 2
205 467 3
205 469 2
205 470 2
205 480 2
205 482 2
205 501 2
205 504 2
205 509 2
205 510 2
205 511 2
205 514 2
205 515 2
205 516 2
205 517 2
205 518 2
205 519 2
205 520 2
205 521 2
205 522 2
205 523 2
205 524 3
205 525 2
205 526 2
205 527 2
205 528 2
205 529 2
205 530 2
205 536 4
205 537 2
205 540 2
205 541 2
205 543 2
205 545 2
205 548 2
205 549 2
205 551 1
205 552 2
205 553 2
205 555 2
205 556 2
205 557 2
205 558 2
205 559 2
205 560 2
205 561 2
205 562 2
205 563 2
205 564 2
205 565 2
205 566 2
205 567 2
205 568 2
205 569 2
205 570 2
205 573 2
205 574 2
205 575 2
205 577 2
205 578 2
205 579 2
205 580 2
205 581 2
205 583 2
205 584 2
205 585 2
205 586 2
205 588 2
205 592 1
205 593 2
205 603 2
205 606 2
205 622 2
205 623 2
205 624 2
205 625 2
205 626 2
205 627 2
205 639 2
205 642 2
205 643 2
205 644 2
205 645 2
205 647 2
205 648 2
205 649 2
205 650 2
205 651 2
205 652 2
205 653 2
205 654 2
205 655 2
205 656 2
205 659 2
205 661 2
205 662 2
205 664 2
205 666 2
205 667 2
205 669 2
205 670 2
205 671 2
205 673 2
205 674 2
205 675 2
205 679 2
205 684 2
205 692 2
205 693 2
205 694 2
205 695 3
205 697 2
205 699 2
205 700 3
205 702 2
205 707 2
205 708 2
205 710 2
205 712 2
205 714 4
205 715 2
205 716 2
205 719 2
205 720 2
205 721 3
205 722 2
205 723 2
205 726 3
205 727 2
205 728 2
205 729 2
205 731 2
205 732 2
205 734 3
205 736 2
205 739 2
205 745 5
205 746 2
205 747 2
205 753 4
205 755 2
205 759 1
205 761 2
205 765 2
205 768 2
205 769 2
205 770 2
205 771 2
205 772 2
205 773 1
205 774 2
205 775 2
205 776 1
205 777 3
205 778 2
205 779 3
205 780 2
205 782 2
205 783 2
205 784 1
205 785 2
205 786 3
205 787 3
205 788 1
205 789 2
205 790 2
205 791 3
205 793 3
205 794 2
205 795 1
205 796 2
205 798 3
205 802 2
205 807 1
205 808 2
205 810 2
205 812 2
205 816 2
205 842 2
205 843 3
205 849 3
205 851 1
205 853 1
205 854 1
205 855 2
205 858 1
205 859 2
205 860 3
205 861 1
205 904 3
205 921 2
205 939 2
205 941 2
205 943 3
205 944 2
205 946 2
205 947 2
205 949 2
205 951 3
205 953 3
205 955 2
205 956 3
205 957 4
205 959 2
205 960 2
205 964 3
205 969 2
205 971 2
205 994 1
205 996 2
205 997 2
205 999 2
206 1 2
206 3 2
206 4 2
206 5 3
206 7 2
206 8 3
206 10 3
206 11 2
206 12 2
206 13 2
206 14 2
206 15 3
206 20 3
206 22 2
206 24 2
206 25 2
206 28 3
206 30 4
206 32 2
206 39 2
206 40 2
206 42 2
206 47 2
206 48 2
206 50 2
206 52 4
206 58 2
206 63 3
206 64 2
206 69 2
206 71 2
206 72 2
206 79 2
206 85 2
206 86 3
206 87 2
206 89 2
206 92 2
206 93 2
206 96 2
206 99 2
206 115 2
206 117 2
206 121 2
206 123 2
206 125 2
206 127 2
206 129 2
206 131 3
206 132 2
206 133 3
206 134 2
206 135 2
206 136 3
206 143 2
206 148 2
206 151 2
206 152 2
206 153 2
206 156 2
206 158 3
206 164 2
206 168 2
206 170 3
206 172 2
206 173 2
206 174 2
206 175 2
206 179 2
206 181 2
206 182 3
206 183 2
206 186 2
206 187 3
206 188 2
206 190 2
206 191 3
206 194 2
206 195 2
206 196 2
206 198 2
206 199 2
206 202 2
206 203 3
206 204 2
206 206 2
206 209 2
206 211 3
206 212 2
206 213 3
206 215 2
206 218 2
206 219 2
206 220 2
206 222 2
206 228 2
206 234 2
206 235 2
206 237 2
206 238 2
206 239 2
206 240 3
206 274 2
206 275 3
206 276 2
206 277 3
206 284 2
206 289 2
206 317 3
206 318 2
206 357 3
206 368 2
206 381 3
206 396 3
206 404 2
206 405 2
206 410 2
206 411 2
206 414 2
206 418 2
206 419 2
206 420 2
206 421 2
206 427 2
206 428 2
206 429 3
206 430 2
206 431 2
206 434 3
206 435 2
206 436 3
206 443 2
206 447 3
206 451 3
206 452 2
206 453 2
206 461 3
206 463 2
206 468 1
206 469 3
206 474 2
206 476 2
206 479 3
206 480 2
206 481 2
206 482 2
206 485 3
206 487 3
206 488 2
206 490 3
206 496 2
206 498 2
206 499 3
206 501 2
206 503 3
206 504 3
206 505 2
206 507 3
206 508 2
206 509 3
206 511 2
206 514 2
206 515 3
206 517 2
206 519 2
206 520 2
206 523 2
206 524 2
206 526 2
206 527 2
206 528 3
206 529 2
206 543 3
206 559 3
206 561 2
206 573 2
206 582 3
206 588 2
206 589 2
206 591 2
206 596 2
206 605 3
206 606 2
206 607 3
206 608 3
206 610 3
206 611 3
206 612 2
206 624 2
206 632 3
206 633 3
206 634 2
206 638 2
206 639 3
206 640 3
206 641 3
206 642 2
206 645 3
206 647 3
206 651 2
206 652 2
206 655 2
206 662 2
206 663 2
206 664 4
206 665 2
206 672 2
206 675 2
206 692 2
206 693 4
206 699 3
206 701 4
206 705 2
206 712 2
206 713 4
206 715 3
206 727 3
206 732 2
206 735 2
206 737 2
206 745 4
206 746 3
206 747 2
206 756 2
206 772 2
206 787 3
206 813 3
206 823 2
206 825 2
206 826 3
206 831 2
206 845 2
206 919 4
206 921 4
206 923 4
206 942 4
206 960 3
206 962 3
207 1 4
207 2 4
207 4 4
207 8 4
207 25 3
207 28 4
207 29 4
207 40 4
207 45 4
207 50 4
207 56 4
207 62 4
207 68 4
207 69 4
207 70 4
207 82 4
207 88 4
207 89 4
207 91 3
207 96 4
207 97 4
207 98 4
207 99 4
207 100 4
207 117 4
207 118 4
207 123 4
207 127 4
207 132 4
207 135 4
207 143 4
207 144 4
207 147 4
207 157 4
207 158 3
207 159 4
207 161 4
207 163 4
207 172 4
207 173 4
207 174 4
207 177 4
207 179 4
207 180 4
207 181 4
207 182 4
207 183 4
207 185 4
207 186 4
207 188 4
207 193 4
207 194 4
207 196 4
207 197 4
207 200 4
207 201 3
207 202 4
207 203 4
207 205 4
207 208 4
207 209 4
207 211 4
207 214 4
207 215 4
207 216 4
207 217 3
207 218 4
207 222 4
207 223 4
207 226 4
207 227 4
207 228 4
207 229 4
207 230 4
207 231 4
207 232 4
207 235 3
207 238 4
207 239 4
207 244 4
207 248 4
207 249 4
207 250 4
207 255 4
207 257 3
207 265 4
207 269 4
207 274 3
207 286 4
207 289 3
207 290 4
207 291 4
207 313 4
207 316 4
207 345 4
207 357 4
207 371 4
207 382 3
207 385 4
207 393 4
207 399 4
207 400 3
207 405 4
207 416 4
207 418 4
207 423 4
207 427 4
207 428 4
207 432 4
207 433 4
207 436 4
207 447 4
207 448 3
207 449 4
207 455 4
207 466 4
207 476 3
207 478 4
207 479 4
207 483 4
207 484 4
207 493 4
207 496 4
207 502 4
207 508 4
207 510 4
207 514 4
207 519 4
207 521 4
207 525 4
207 559 3
207 561 3
207 565 3
207 588 4
207 603 4
207 616 4
207 629 4
207 635 3
207 642 4
207 648 4
207 656 4
207 657 4
207 660 4
207 675 4
207 684 4
207 705 4
207 710 4
207 712 4
207 715 4
207 729 4
207 732 4
207 746 4
207 755 4
207 756 4
207 785 4
207 844 4
207 859 4
207 869 4
207 879 4
207 949 4
207 969 4
207 972 4
207 993 4
208 270 4
208 271 4
208 286 4
208 294 4
208 300 4
208 313 4
208 315 4
208 319 4
208 328 4
208 347 4
208 358 3
208 539 4
208 683 3
208 689 4
208 748 3
209 6 4
209 8 4
209 9 4
209 12 4
209 14 4
209 22 4
209 23 4
209 28 4
209 30 4
209 48 4
209 50 4
209 58 4
209 59 4
209 60 4
209 65 4
209 87 4
209 97 4
209 98 4
209 99 4
209 100 4
209 133 4
209 135 4
209 153 4
209 154 4
209 156 4
209 162 4
209 166 4
209 168 4
209 170 4
209 172 4
209 173 4
209 174 4
209 175 4
209 179 4
209 181 4
209 186 4
209 191 4
209 192 4
209 195 4
209 197 4
209 199 4
209 200 4
209 201 4
209 202 4
209 203 4
209 204 4
209 205 4
209 207 4
209 209 4
209 210 4
209 213 4
209 214 3
209 216 4
209 223 4
209 264 4
209 266 4
209 270 4
209 275 4
209 276 4
209 283 4
209 285 4
209 286 4
209 288 4
209 300 4
209 303 4
209 318 4
209 321 4
209 322 4
209 325 4
209 327 4
209 339 4
209 343 4
209 357 4
209 367 4
209 381 4
209 382 4
209 404 4
209 427 4
209 428 4
209 429 4
209 430 4
209 433 4
209 435 4
209 461 4
209 478 4
209 479 4
209 480 4
209 481 4
209 482 4
209 483 4
209 485 4
209 486 4
209 489 4
209 491 4
209 493 4
209 496 4
209 497 4
209 498 4
209 504 4
209 505 4
209 514 4
209 516 4
209 518 4
209 520 4
209 523 4
209 526 4
209 527 4
209 528 4
209 530 4
209 604 4
209 606 4
209 607 4
209 608 4
209 609 4
209 615 4
209 618 4
209 631 4
209 633 4
209 647 4
209 654 4
209 659 4
209 661 4
209 664 4
209 676 4
209 680 4
209 684 4
209 708 4
209 709 4
209 714 5
209 733 4
209 749 3
209 855 4
209 877 4
209 879 4
209 937 4
209 945 4
209 965 4
209 995 4
210 258 2
210 269 2
210 286 2
210 289 2
210 300 2
210 311 2
210 312 2
210 313 2
210 315 2
210 316 2
210 323 2
210 328 2
210 340 2
210 354 2
210 690 2
210 754 2
210 873 2
210 898 2
210 905 2
211 1 3
211 4 3
211 9 3
211 22 3
211 38 3
211 56 3
211 73 3
211 88 3
211 117 3
211 161 3
211 168 3
211 172 3
211 181 3
211 186 3
211 195 3
211 196 3
211 208 4
211 209 3
211 210 3
211 222 3
211 227 3
211 228 3
211 229 3
211 230 3
211 258 3
211 265 3
211 276 3
211 318 3
211 405 3
211 435 3
211 449 3
211 451 3
211 485 3
211 527 3
211 566 3
211 568 3
211 651 3
211 655 3
211 709 3
211 720 3
211 732 3
211 770 3
212 4 4
212 7 4
212 23 4
212 24 3
212 28 4
212 56 4
212 64 4
212 70 4
212 81 3
212 92 4
212 96 4
212 150 4
212 154 4
212 172 4
212 173 4
212 175 4
212 182 4
212 186 4
212 193 4
212 206 4
212 211 4
212 218 4
212 276 3
212 288 4
212 318 4
212 340 3
212 408 4
212 427 4
212 436 4
212 480 4
212 487 4
212 508 4
212 526 3
212 634 3
212 651 4
212 684 4
212 724 4
213 7 3
213 9 3
213 15 3
213 50 3
213 124 3
213 181 3
213 222 3
213 236 3
213 245 3
213 255 3
213 257 3
213 258 3
213 260 3
213 269 3
213 271 3
213 275 3
213 286 3
213 297 4
213 300 3
213 301 3
213 302 3
213 303 3
213 306 3
213 326 3
213 328 3
213 332 3
213 471 3
213 508 3
213 628 3
213 690 3
213 877 3
213 936 5
214 100 4
214 258 4
214 260 4
214 294 4
214 300 4
214 301 4
214 302 4
214 325 4
214 340 4
214 343 4
214 678 4
214 748 4
215 56 4
215 185 4
215 195 4
215 243 4
215 269 4
215 322 4
215 323 4
215 328 4
215 432 4
215 531 4
215 748 4
215 754 5
216 1 4
216 2 4
216 7 4
216 8 4
216 9 4
216 10 4
216 11 4
216 12 4
216 13 3
216 14 4
216 21 3
216 22 4
216 24 4
216 25 3
216 27 4
216 28 4
216 29 3
216 31 4
216 32 3
216 36 5
216 38 4
216 41 4
216 42 3
216 43 4
216 44 4
216 49 4
216 50 4
216 51 4
216 53 3
216 54 4
216 55 4
216 56 4
216 58 4
216 64 4
216 65 4
216 66 4
216 67 3
216 69 4
216 70 3
216 71 4
216 73 4
216 77 4
216 81 4
216 82 4
216 83 4
216 85 4
216 86 4
216 87 4
216 88 4
216 90 3
216 92 4
216 93 4
216 94 4
216 97 4
216 98 4
216 99 4
216 105 4
216 106 4
216 107 4
216 117 4
216 121 4
216 123 4
216 125 4
216 126 4
216 127 4
216 132 4
216 133 4
216 134 4
216 136 5
216 137 3
216 140 4
216 142 4
216 143 4
216 144 4
216 148 4
216 154 4
216 155 4
216 156 4
216 157 4
216 158 4
216 159 4
216 161 4
216 168 4
216 172 4
216 174 4
216 176 4
216 178 4
216 181 4
216 182 4
216 183 4
216 185 4
216 187 4
216 191 4
216 194 4
216 195 4
216 196 4
216 197 4
216 199 4
216 200 4
216 202 3
216 203 4
216 204 4
216 209 4
216 210 4
216 211 4
216 213 4
216 215 4
216 216 4
216 217 4
216 219 3
216 220 3
216 225 4
216 226 4
216 230 4
216 234 4
216 237 4
216 238 3
216 239 3
216 240 4
216 241 4
216 242 4
216 245 4
216 246 4
216 248 4
216 249 4
216 250 3
216 251 4
216 252 4
216 253 3
216 254 4
216 257 4
216 258 4
216 259 4
216 264 4
216 266 4
216 268 4
216 272 3
216 274 4
216 275 4
216 276 3
216 277 4
216 281 4
216 283 4
216 284 4
216 285 4
216 286 4
216 287 4
216 288 4
216 289 4
216 294 3
216 295 4
216 297 5
216 298 4
216 301 4
216 304 4
216 307 4
216 312 3
216 313 4
216 315 4
216 316 4
216 317 3
216 318 4
216 319 3
216 322 4
216 323 4
216 326 4
216 327 3
216 328 4
216 329 4
216 331 4
216 332 4
216 333 4
216 338 4
216 339 4
216 346 3
216 347 3
216 348 4
216 354 4
216 356 4
216 357 4
216 364 4
216 366 4
216 367 4
216 369 3
216 375 3
216 378 4
216 385 4
216 388 4
216 393 4
216 395 4
216 396 3
216 399 4
216 401 3
216 402 4
216 403 4
216 404 4
216 405 4
216 411 4
216 412 4
216 417 4
216 418 4
216 419 4
216 423 4
216 425 4
216 427 4
216 431 4
216 432 4
216 433 3
216 443 4
216 448 4
216 451 4
216 452 4
216 462 3
216 463 4
216 468 4
216 469 4
216 471 4
216 472 3
216 473 3
216 475 3
216 476 4
216 479 4
216 480 4
216 496 4
216 498 4
216 500 4
216 501 4
216 506 3
216 509 4
216 515 4
216 526 4
216 531 4
216 532 4
216 538 4
216 546 4
216 549 4
216 553 4
216 554 4
216 559 3
216 560 3
216 564 3
216 568 4
216 576 4
216 578 4
216 585 3
216 588 4
216 591 4
216 592 4
216 607 5
216 614 4
216 619 4
216 625 4
216 627 4
216 628 4
216 633 5
216 651 4
216 652 3
216 657 4
216 658 4
216 660 4
216 662 4
216 676 4
216 678 4
216 682 3
216 684 4
216 685 4
216 686 4
216 689 4
216 690 4
216 693 4
216 696 4
216 699 5
216 707 5
216 708 4
216 710 4
216 712 3
216 713 4
216 717 4
216 720 3
216 721 4
216 723 4
216 724 4
216 729 4
216 734 4
216 735 4
216 737 3
216 738 4
216 739 4
216 746 4
216 747 4
216 748 4
216 750 4
216 754 4
216 755 4
216 761 4
216 762 3
216 768 3
216 770 4
216 775 4
216 778 4
216 781 4
216 783 4
216 785 4
216 790 4
216 792 3
216 794 3
216 795 4
216 803 3
216 807 4
216 812 4
216 815 4
216 819 3
216 821 4
216 824 4
216 827 4
216 833 4
216 834 3
216 840 4
216 842 4
216 843 4
216 845 4
216 849 4
216 864 3
216 866 4
216 873 3
216 874 4
216 879 4
216 895 4
216 915 4
216 916 3
216 917 3
216 918 4
216 928 4
216 929 4
216 931 3
216 934 4
216 936 3
216 937 4
216 938 4
216 941 5
216 955 4
216 959 4
216 966 5
216 972 4
216 975 4
216 980 4
216 985 4
216 990 4
216 997 3
217 1 3
217 3 3
217 5 3
217 7 3
217 11 3
217 12 3
217 13 3
217 15 3
217 16 3
217 17 3
217 20 3
217 23 3
217 27 3
217 29 3
217 32 3
217 39 3
217 42 3
217 44 3
217 47 3
217 50 3
217 51 3
217 55 3
217 56 3
217 58 3
217 62 3
217 63 3
217 64 3
217 65 3
217 67 3
217 68 3
217 69 3
217 70 3
217 72 3
217 73 3
217 77 3
217 78 3
217 79 3
217 80 3
217 81 3
217 82 3
217 83 3
217 89 3
217 91 3
217 95 3
217 96 3
217 97 3
217 98 3
217 99 3
217 100 3
217 101 3
217 106 3
217 109 3
217 118 3
217 120 3
217 122 3
217 123 3
217 125 3
217 127 3
217 131 3
217 132 3
217 135 3
217 139 3
217 142 3
217 144 3
217 145 3
217 147 3
217 154 3
217 157 3
217 159 3
217 162 3
217 164 3
217 167 3
217 168 3
217 169 3
217 171 3
217 172 3
217 173 3
217 174 3
217 176 3
217 178 3
217 179 3
217 181 3
217 182 3
217 183 3
217 184 3
217 186 3
217 190 3
217 195 3
217 196 3
217 198 3
217 200 3
217 201 3
217 202 3
217 206 3
217 207 3
217 208 3
217 214 3
217 216 3
217 217 3
217 218 3
217 219 3
217 222 3
217 223 3
217 226 3
217 228 3
217 232 3
217 234 3
217 235 3
217 242 3
217 245 3
217 246 3
217 248 3
217 250 3
217 252 3
217 255 3
217 257 3
217 258 3
217 260 3
217 264 3
217 265 3
217 270 3
217 273 3
217 286 3
217 288 3
217 290 3
217 293 3
217 294 3
217 298 3
217 323 3
217 324 3
217 325 3
217 326 3
217 340 3
217 357 3
217 358 3
217 364 3
217 367 3
217 373 3
217 380 3
217 382 3
217 385 3
217 386 3
217 388 3
217 391 3
217 392 3
217 393 3
217 395 3
217 396 3
217 399 3
217 402 3
217 403 3
217 404 3
217 413 3
217 419 3
217 420 3
217 421 3
217 422 3
217 423 3
217 425 3
217 428 3
217 431 3
217 433 3
217 436 3
217 441 3
217 444 3
217 447 3
217 449 3
217 451 3
217 452 3
217 461 3
217 465 3
217 472 3
217 474 3
217 475 3
217 483 3
217 484 3
217 485 3
217 498 3
217 501 3
217 508 3
217 513 3
217 518 3
217 541 3
217 544 3
217 545 3
217 546 3
217 551 3
217 552 3
217 555 3
217 559 3
217 561 3
217 562 3
217 563 3
217 574 3
217 578 3
217 579 3
217 582 3
217 596 3
217 597 3
217 614 3
217 616 3
217 625 3
217 628 3
217 631 3
217 636 3
217 638 3
217 640 3
217 642 3
217 655 3
217 658 3
217 665 3
217 668 3
217 669 2
217 674 3
217 679 3
217 684 3
217 685 3
217 692 3
217 708 3
217 709 3
217 710 3
217 715 3
217 723 3
217 725 3
217 727 3
217 728 3
217 732 3
217 742 3
217 746 3
217 747 3
217 748 3
217 758 3
217 762 3
217 764 3
217 765 3
217 767 3
217 769 3
217 774 3
217 778 3
217 781 3
217 783 3
217 792 3
217 796 3
217 797 3
217 800 3
217 804 3
217 809 3
217 810 3
217 815 3
217 825 3
217 827 3
217 831 3
217 849 3
217 855 3
217 871 3
217 895 3
217 923 3
217 928 3
217 940 3
217 943 3
217 944 3
217 946 3
217 963 3
217 979 2
217 999 3
217 1000 3
218 258 3
218 269 3
218 288 3
218 301 2
218 302 3
218 313 3
218 327 3
218 328 3
218 331 2
218 362 2
218 750 2
218 895 3
218 899 3
219 50 5
219 79 5
219 89 5
219 100 5
219 173 4
219 181 5
219 223 5
219 257 4
219 275 5
219 286 5
219 405 4
219 478 5
219 488 5
219 615 5
219 617 5
219 705 5
220 19 4
220 86 3
220 100 4
220 116 4
220 137 4
220 251 4
220 275 4
220 283 4
220 302 4
220 319 3
220 331 4
220 408 4
220 475 3
220 478 4
220 508 4
220 513 4
220 603 4
220 750 4
220 753 5
221 4 4
221 7 4
221 11 4
221 12 4
221 50 4
221 56 4
221 82 4
221 87 4
221 89 4
221 96 4
221 100 4
221 117 4
221 124 4
221 127 4
221 129 4
221 144 4
221 156 4
221 164 4
221 172 4
221 174 4
221 175 4
221 176 4
221 182 4
221 183 4
221 185 4
221 194 4
221 200 4
221 213 4
221 218 4
221 219 3
221 238 4
221 302 4
221 333 4
221 443 4
221 448 4
221 466 4
221 516 4
221 517 4
221 653 4
221 657 4
221 672 3
221 709 4
221 879 4
221 914 4
221 915 5
222 1 3
222 15 3
222 50 3
222 53 3
222 98 3
222 100 3
222 109 3
222 117 3
222 124 3
222 126 3
222 127 3
222 129 3
222 137 3
222 151 3
222 181 3
222 184 3
222 200 3
222 201 3
222 217 3
222 219 2
222 222 3
222 235 3
222 250 3
222 257 3
222 258 3
222 260 2
222 270 3
222 273 3
222 276 3
222 286 3
222 287 3
222 288 3
222 293 3
222 294 3
222 299 3
222 307 3
222 324 3
222 326 3
222 327 3
222 334 3
222 370 2
222 379 3
222 396 3
222 410 3
222 436 3
222 447 3
222 448 2
222 452 3
222 458 3
222 475 3
222 477 3
222 515 3
222 551 2
222 558 3
222 559 3
222 561 3
222 590 3
222 665 3
222 670 3
222 671 3
222 672 3
222 682 3
222 742 3
222 760 3
222 854 2
222 867 3
222 919 3
222 922 3
222 926 3
223 9 3
223 15 3
223 127 3
223 148 3
223 237 3
223 245 3
223 258 3
223 269 3
223 272 3
223 276 3
223 282 3
223 286 3
223 299 3
223 300 3
223 304 3
223 307 3
223 310 3
223 313 3
223 315 3
223 322 3
223 323 3
223 326 3
223 327 3
223 328 3
223 329 3
223 333 3
223 340 3
223 344 3
223 347 3
223 355 4
223 471 3
223 546 3
223 591 3
223 628 3
223 678 3
223 689 3
223 696 3
223 744 3
223 748 3
223 750 3
223 754 3
223 823 3
223 879 3
223 898 2
223 924 3
223 977 3
224 1 4
224 14 4
224 15 4
224 25 4
224 50 4
224 100 4
224 115 4
224 127 4
224 151 4
224 172 4
224 243 3
224 261 4
224 275 4
224 288 4
224 289 3
224 310 4
224 323 3
224 333 4
224 427 4
224 508 4
224 538 4
224 681 4
224 683 3
224 689 4
224 882 4
225 1 2
225 2 2
225 7 2
225 17 2
225 22 2
225 24 2
225 32 2
225 38 2
225 39 2
225 53 2
225 55 2
225 62 2
225 68 2
225 79 2
225 82 2
225 83 2
225 98 2
225 100 2
225 117 2
225 118 2
225 121 2
225 124 2
225 127 2
225 144 2
225 147 2
225 156 2
225 168 2
225 171 2
225 172 2
225 174 2
225 176 2
225 177 2
225 178 2
225 180 2
225 183 2
225 185 2
225 187 2
225 188 2
225 191 2
225 195 2
225 198 3
225 200 2
225 201 2
225 204 2
225 207 3
225 209 2
225 210 2
225 218 2
225 222 2
225 227 2
225 229 2
225 230 2
225 231 2
225 232 2
225 234 2
225 241 2
225 244 3
225 250 2
225 252 2
225 257 2
225 259 2
225 271 2
225 272 2
225 273 2
225 281 2
225 286 2
225 288 2
225 298 2
225 302 2
225 305 2
225 307 2
225 310 2
225 313 2
225 316 2
225 318 2
225 322 2
225 323 2
225 324 2
225 325 2
225 327 2
225 333 2
225 338 2
225 340 2
225 343 2
225 346 2
225 355 2
225 357 2
225 358 2
225 362 3
225 363 2
225 379 2
225 385 2
225 398 2
225 424 3
225 429 2
225 445 3
225 447 2
225 448 2
225 452 2
225 474 2
225 475 3
225 491 3
225 515 2
225 520 2
225 522 3
225 529 2
225 538 2
225 540 2
225 550 2
225 562 2
225 566 2
225 568 2
225 573 2
225 576 2
225 583 2
225 590 2
225 597 2
225 636 2
225 669 2
225 670 2
225 675 2
225 678 2
225 679 2
225 686 2
225 690 2
225 748 2
225 750 2
225 751 2
225 759 2
225 823 2
225 825 3
225 831 2
225 841 3
225 853 3
225 877 2
225 879 2
225 895 2
225 912 2
225 943 3
225 976 3
226 23 4
226 50 4
226 98 4
226 99 4
226 133 4
226 134 4
226 135 4
226 168 4
226 174 4
226 178 4
226 182 4
226 185 4
226 191 4
226 196 4
226 197 4
226 199 4
226 200 4
226 204 4
226 208 4
226 211 4
226 318 4
226 418 4
226 427 4
226 428 4
226 430 4
226 432 4
226 435 4
226 474 4
226 478 4
226 480 4
226 483 4
226 486 4
226 488 4
226 490 4
226 491 4
226 492 4
226 493 4
226 494 4
226 504 4
226 505 4
226 510 4
226 511 4
226 524 4
226 525 4
226 526 4
226 601 4
226 603 4
226 605 4
226 606 4
226 607 4
226 608 4
226 610 4
226 613 4
226 614 4
226 616 4
226 631 4
226 633 4
226 646 4
226 648 4
226 651 4
226 653 4
226 654 4
226 655 4
226 657 4
226 673 4
226 705 4
226 754 4
226 835 4
226 836 4
226 848 4
227 245 4
227 258 4
227 263 5
227 286 4
227 292 5
227 300 5
227 302 5
227 303 5
227 304 5
227 319 4
227 332 5
227 341 4
227 359 5
227 680 4
227 681 5
227 682 5
227 688 5
227 874 5
228 243 3
228 259 3
228 268 3
228 271 3
228 272 3
228 286 3
228 289 3
228 294 3
228 300 3
228 301 3
228 305 3
228 307 3
228 312 3
228 313 3
228 322 3
228 323 3
228 326 3
228 329 3
228 332 3
228 334 3
228 338 3
228 344 3
228 350 3
228 538 3
228 690 3
228 750 3
228 875 3
228 877 3
228 879 3
228 886 3
228 896 3
228 908 3
228 988 3
229 1 3
229 2 3
229 3 3
229 4 3
229 7 3
229 8 3
229 12 3
229 15 3
229 21 2
229 22 3
229 23 3
229 24 3
229 26 3
229 28 3
229 31 3
229 32 3
229 45 3
229 47 3
229 48 3
229 50 3
229 52 3
229 53 2
229 55 3
229 56 3
229 58 3
229 62 3
229 63 3
229 64 3
229 66 3
229 68 3
229 69 3
229 70 3
229 72 3
229 73 3
229 77 3
229 79 3
229 81 3
229 82 3
229 83 3
229 85 3
229 86 2
229 87 3
229 88 3
229 89 3
229 90 3
229 91 3
229 92 3
229 93 3
229 95 3
229 96 3
229 97 3
229 101 3
229 109 2
229 114 3
229 117 3
229 118 3
229 123 3
229 124 3
229 127 3
229 128 3
229 132 3
229 133 3
229 134 3
229 137 3
229 140 2
229 141 3
229 143 3
229 144 3
229 150 2
229 151 3
229 153 3
229 154 3
229 157 3
229 159 3
229 161 3
229 162 3
229 163 2
229 164 3
229 165 3
229 166 3
229 168 3
229 170 3
229 172 3
229 174 3
229 178 3
229 179 3
229 181 3
229 183 3
229 184 3
229 185 3
229 186 3
229 188 3
229 190 3
229 191 3
229 193 3
229 195 3
229 197 3
229 201 3
229 202 3
229 203 3
229 207 3
229 208 3
229 209 3
229 210 3
229 211 3
229 214 3
229 216 3
229 218 3
229 219 2
229 223 3
229 225 3
229 229 3
229 232 3
229 233 3
229 237 3
229 238 3
229 248 3
229 249 3
229 250 3
229 258 3
229 264 2
229 265 3
229 273 3
229 274 2
229 275 3
229 276 3
229 277 3
229 280 2
229 281 3
229 282 3
229 283 3
229 288 3
229 290 2
229 291 3
229 298 2
229 301 2
229 318 3
229 319 3
229 321 3
229 340 3
229 356 3
229 365 3
229 366 3
229 367 3
229 371 2
229 378 3
229 385 3
229 387 3
229 392 3
229 393 3
229 403 3
229 404 2
229 405 3
229 410 2
229 411 2
229 415 4
229 418 2
229 419 3
229 423 3
229 427 3
229 428 3
229 431 3
229 432 3
229 433 3
229 435 3
229 436 3
229 441 2
229 448 2
229 455 3
229 457 3
229 464 3
229 466 3
229 467 3
229 468 3
229 470 3
229 473 2
229 475 3
229 480 3
229 481 3
229 482 2
229 483 3
229 484 3
229 485 3
229 491 3
229 493 3
229 495 3
229 496 3
229 499 3
229 500 3
229 502 2
229 504 3
229 505 3
229 508 3
229 511 3
229 514 3
229 520 3
229 527 3
229 531 3
229 535 3
229 537 3
229 546 3
229 549 3
229 550 3
229 566 3
229 568 3
229 569 3
229 570 3
229 578 2
229 581 3
229 584 3
229 591 3
229 602 3
229 603 3
229 611 3
229 625 3
229 627 3
229 628 3
229 629 3
229 631 3
229 633 3
229 635 2
229 636 3
229 640 3
229 642 3
229 652 3
229 654 3
229 655 3
229 658 3
229 662 3
229 665 2
229 671 3
229 672 2
229 673 3
229 679 3
229 684 3
229 692 3
229 693 3
229 700 2
229 702 3
229 705 2
229 708 3
229 709 3
229 710 3
229 726 4
229 729 3
229 732 2
229 735 3
229 742 3
229 744 3
229 747 3
229 755 3
229 756 2
229 761 3
229 762 2
229 763 3
229 768 3
229 780 3
229 794 3
229 804 3
229 805 3
229 806 3
229 820 2
229 826 3
229 833 3
229 845 3
229 847 3
229 921 3
229 928 3
229 941 3
229 944 2
229 961 3
229 967 3
229 972 3
230 9 3
230 10 3
230 12 3
230 19 3
230 42 3
230 50 3
230 56 3
230 98 3
230 100 3
230 101 3
230 117 3
230 129 3
230 137 3
230 152 4
230 164 3
230 165 4
230 181 3
230 221 3
230 222 3
230 234 3
230 237 3
230 248 3
230 253 3
230 258 3
230 264 3
230 273 3
230 276 3
230 286 3
230 288 3
230 293 3
230 294 3
230 300 3
230 302 3
230 318 3
230 328 3
230 436 3
230 514 3
230 515 3
230 527 3
230 528 3
230 547 2
230 628 3
230 674 3
231 286 3
231 307 3
231 322 3
231 323 3
231 327 3
231 358 3
231 538 3
231 690 3
231 748 3
231 879 3
231 988 3
232 1 3
232 7 3
232 24 3
232 50 3
232 93 3
232 100 3
232 108 3
232 109 3
232 111 3
232 117 3
232 118 3
232 121 3
232 123 3
232 151 3
232 181 3
232 222 3
232 246 3
232 248 3
232 249 3
232 250 3
232 257 3
232 258 3
232 274 3
232 276 3
232 284 3
232 294 3
232 295 3
232 300 3
232 315 3
232 322 3
232 405 3
232 410 3
232 411 3
232 471 3
232 508 3
232 546 3
232 620 3
232 628 3
232 678 3
232 742 3
232 763 3
232 815 3
232 844 2
232 845 3
233 59 3
233 60 3
233 95 3
233 173 3
233 174 3
233 194 3
233 246 3
233 268 3
233 269 3
233 273 3
233 276 3
233 293 3
233 302 3
233 303 3
233 322 3
233 323 3
233 326 3
233 333 3
233 340 3
233 435 3
233 474 3
233 507 4
233 657 3
233 682 3
233 690 3
233 748 3
233 754 3
233 919 3
234 9 3
234 111 3
234 121 3
234 125 3
234 147 3
234 148 3
234 151 3
234 225 3
234 274 3
234 275 3
234 283 3
234 287 3
234 288 3
234 347 3
234 369 3
234 406 3
234 471 3
234 476 3
234 546 3
234 628 3
234 756 3
234 763 2
234 815 3
234 819 4
234 833 3
234 844 3
234 928 3
234 975 3
235 1 3
235 3 3
235 4 3
235 5 3
235 7 3
235 9 3
235 11 3
235 12 3
235 15 3
235 21 2
235 22 3
235 23 3
235 24 3
235 25 3
235 27 3
235 28 3
235 31 3
235 38 3
235 40 3
235 42 3
235 45 3
235 49 3
235 50 3
235 52 3
235 54 3
235 62 3
235 63 3
235 64 3
235 67 3
235 68 3
235 69 3
235 71 3
235 72 3
235 73 3
235 80 3
235 82 3
235 83 3
235 85 3
235 86 3
235 89 3
235 95 3
235 96 3
235 100 3
235 105 3
235 108 3
235 109 3
235 111 3
235 115 3
235 117 3
235 118 3
235 121 3
235 122 3
235 123 3
235 125 3
235 128 3
235 132 3
235 135 3
235 136 3
235 141 3
235 148 3
235 151 3
235 152 3
235 153 3
235 154 3
235 156 3
235 157 3
235 159 3
235 160 3
235 161 3
235 162 3
235 163 3
235 164 3
235 167 2
235 168 3
235 171 3
235 172 3
235 173 3
235 174 3
235 175 3
235 176 3
235 182 3
235 183 3
235 184 3
235 185 3
235 186 3
235 187 3
235 188 3
235 190 3
235 191 3
235 195 3
235 196 3
235 199 3
235 200 3
235 204 3
235 206 3
235 211 3
235 214 3
235 215 3
235 216 3
235 217 3
235 218 3
235 219 2
235 222 3
235 225 3
235 226 3
235 227 3
235 228 3
235 229 3
235 230 3
235 234 3
235 239 3
235 240 3
235 245 3
235 246 3
235 250 3
235 252 3
235 254 3
235 255 4
235 257 3
235 258 3
235 260 2
235 264 3
235 273 3
235 284 3
235 290 3
235 291 3
235 294 2
235 299 3
235 300 3
235 307 3
235 313 3
235 317 3
235 318 3
235 321 3
235 327 3
235 331 3
235 338 3
235 343 3
235 351 3
235 354 3
235 357 3
235 358 3
235 367 3
235 369 3
235 376 3
235 380 3
235 381 3
235 382 3
235 384 3
235 385 3
235 386 3
235 392 3
235 393 3
235 394 3
235 399 3
235 402 3
235 403 3
235 404 3
235 410 3
235 411 3
235 413 3
235 423 3
235 424 3
235 431 3
235 433 3
235 434 3
235 435 3
235 436 3
235 443 3
235 447 3
235 448 3
235 451 3
235 455 3
235 462 3
235 465 3
235 470 3
235 473 3
235 474 3
235 476 3
235 520 3
235 541 3
235 542 3
235 546 3
235 550 3
235 554 3
235 561 3
235 566 3
235 567 3
235 568 3
235 569 3
235 571 3
235 572 3
235 573 3
235 576 3
235 577 3
235 578 3
235 584 3
235 587 3
235 588 3
235 597 3
235 616 3
235 625 3
235 628 3
235 631 3
235 637 3
235 640 3
235 649 3
235 652 3
235 655 3
235 659 3
235 665 3
235 672 2
235 673 3
235 675 3
235 679 3
235 684 3
235 693 3
235 696 3
235 697 4
235 710 3
235 713 3
235 715 3
235 717 3
235 720 3
235 729 4
235 732 3
235 743 3
235 746 4
235 748 3
235 751 3
235 752 2
235 756 3
235 760 3
235 762 3
235 780 3
235 781 3
235 786 3
235 790 3
235 792 3
235 797 3
235 800 3
235 820 2
235 821 3
235 825 3
235 826 3
235 831 3
235 834 3
235 841 2
235 845 3
235 862 3
235 885 3
235 890 3
235 895 3
235 924 2
235 926 4
235 928 3
235 929 3
235 943 3
235 944 2
235 961 3
235 977 3
235 983 1
236 21 3
236 23 4
236 26 4
236 38 4
236 39 4
236 43 4
236 47 4
236 65 4
236 66 4
236 72 3
236 73 4
236 83 4
236 90 4
236 92 4
236 95 4
236 96 4
236 98 4
236 102 3
236 111 4
236 125 4
236 132 4
236 133 4
236 157 4
236 159 4
236 161 4
236 168 4
236 172 4
236 174 4
236 179 4
236 186 4
236 200 4
236 204 4
236 215 4
236 216 4
236 217 4
236 218 4
236 219 3
236 226 4
236 238 4
236 265 4
236 276 4
236 287 4
236 288 4
236 313 4
236 325 4
236 327 4
236 340 4
236 347 4
236 367 4
236 381 4
236 392 4
236 400 4
236 411 3
236 433 3
236 447 4
236 454 3
236 503 4
236 504 4
236 506 4
236 537 4
236 546 4
236 553 4
236 559 3
236 568 4
236 581 4
236 585 4
236 595 4
236 628 4
236 642 4
236 649 4
236 655 4
236 658 4
236 660 4
236 708 4
236 710 4
236 715 4
236 721 4
236 723 4
236 739 3
236 742 4
236 746 4
236 748 4
236 761 3
236 762 4
236 785 4
236 787 4
236 790 4
236 794 3
236 821 4
236 845 4
236 895 4
236 974 3
237 5 3
237 11 3
237 12 3
237 14 3
237 28 3
237 30 3
237 42 3
237 47 3
237 50 3
237 56 3
237 58 3
237 65 3
237 69 3
237 70 3
237 77 3
237 79 3
237 82 3
237 83 3
237 86 3
237 87 3
237 88 3
237 89 3
237 90 3
237 91 3
237 95 3
237 97 3
237 98 3
237 99 3
237 111 3
237 116 3
237 118 3
237 124 3
237 131 3
237 132 3
237 133 3
237 134 3
237 137 3
237 143 3
237 144 3
237 145 2
237 151 3
237 154 3
237 155 3
237 161 3
237 162 3
237 166 3
237 168 3
237 170 3
237 173 3
237 174 3
237 176 3
237 179 3
237 180 3
237 181 3
237 183 3
237 185 3
237 186 3
237 190 3
237 191 3
237 195 3
237 197 3
237 204 3
237 207 3
237 208 3
237 211 3
237 212 3
237 213 3
237 214 2
237 216 3
237 217 3
237 218 3
237 219 3
237 229 3
237 234 3
237 237 3
237 238 3
237 239 3
237 244 3
237 253 3
237 254 3
237 265 3
237 275 3
237 276 3
237 281 3
237 283 3
237 286 3
237 287 3
237 288 3
237 292 2
237 301 3
237 318 3
237 378 3
237 381 3
237 393 3
237 402 3
237 404 3
237 412 3
237 415 2
237 418 3
237 419 3
237 421 3
237 423 3
237 428 3
237 432 3
237 433 3
237 435 3
237 436 3
237 447 3
237 450 3
237 451 3
237 463 3
237 466 3
237 473 3
237 478 3
237 480 3
237 482 3
237 483 3
237 484 3
237 485 3
237 496 3
237 497 3
237 499 3
237 501 3
237 507 3
237 512 3
237 514 3
237 517 3
237 518 3
237 521 3
237 523 3
237 559 3
237 566 3
237 581 3
237 582 3
237 583 3
237 584 3
237 588 3
237 603 3
237 607 3
237 614 3
237 629 3
237 640 3
237 642 3
237 651 3
237 652 3
237 654 3
237 655 3
237 657 3
237 660 3
237 663 3
237 665 3
237 672 2
237 674 3
237 683 3
237 684 3
237 692 3
237 696 2
237 697 3
237 698 3
237 699 3
237 702 3
237 705 3
237 707 3
237 708 3
237 709 3
237 710 3
237 727 3
237 730 3
237 732 3
237 736 3
237 737 3
237 739 3
237 746 3
237 747 3
237 748 3
237 753 4
237 755 3
237 770 3
237 778 3
237 781 3
237 794 3
237 812 3
237 842 3
237 843 1
237 946 3
237 955 3
237 969 3
238 15 4
238 21 3
238 100 4
238 118 4
238 121 4
238 181 4
238 220 3
238 237 4
238 245 4
238 255 4
238 269 4
238 280 4
238 286 4
238 321 4
238 471 4
238 476 3
238 815 4
238 866 4
239 7 3
239 13 3
239 14 3
239 100 3
239 121 3
239 147 3
239 237 3
239 240 3
239 242 3
239 246 3
239 257 3
239 273 3
239 276 3
239 282 3
239 285 3
239 288 3
239 301 3
239 405 3
239 475 3
239 591 3
239 895 3
240 70 3
240 171 3
240 198 3
240 242 3
240 243 1
240 271 2
240 272 3
240 283 3
240 300 3
240 310 3
240 312 3
240 313 3
240 328 2
240 329 2
240 340 3
240 350 3
240 512 3
240 515 3
240 582 3
240 690 3
240 736 3
240 749 2
240 750 2
240 751 2
240 886 2
240 904 3
240 921 4
240 937 3
241 1 3
241 7 3
241 9 3
241 15 4
241 25 3
241 121 4
241 259 3
241 288 3
241 294 3
241 683 3
242 7 2
242 11 2
242 12 2
242 14 2
242 17 2
242 22 2
242 26 2
242 27 2
242 29 2
242 31 2
242 33 2
242 38 2
242 39 2
242 41 2
242 42 2
242 44 2
242 53 2
242 54 2
242 55 2
242 56 2
242 62 2
242 64 2
242 67 2
242 68 2
242 79 2
242 82 2
242 98 2
242 100 2
242 117 2
242 129 2
242 144 2
242 150 2
242 154 2
242 156 2
242 159 2
242 161 2
242 168 2
242 174 2
242 176 2
242 177 2
242 182 2
242 184 2
242 186 2
242 195 2
242 203 2
242 204 2
242 209 2
242 210 2
242 219 2
242 226 2
242 228 2
242 229 2
242 230 2
242 231 2
242 234 2
242 240 2
242 273 2
242 276 2
242 281 2
242 286 2
242 288 2
242 294 2
242 318 2
242 342 2
242 350 2
242 367 2
242 385 2
242 401 2
242 403 2
242 410 2
242 436 2
242 449 2
242 452 2
242 482 2
242 508 2
242 546 2
242 554 2
242 559 2
242 569 2
242 572 2
242 576 2
242 578 2
242 591 2
242 628 2
242 635 2
242 636 2
242 672 2
242 684 2
242 685 2
242 695 3
242 710 2
242 746 2
242 769 2
242 780 2
242 800 2
242 810 2
242 834 2
242 873 2
242 943 2
242 975 2
243 12 4
243 271 4
243 309 5
243 313 4
243 340 4
243 343 4
243 358 4
243 644 4
243 678 4
243 687 3
244 9 3
244 50 3
244 100 3
244 245 3
244 251 3
244 258 3
244 275 3
244 748 3
244 751 3
244 906 3
244 912 4
244 916 4
245 7 1
245 9 1
245 23 1
245 28 1
245 50 1
245 55 1
245 64 1
245 79 1
245 87 1
245 100 1
245 117 1
245 118 1
245 121 1
245 123 1
245 127 1
245 144 1
245 147 1
245 150 1
245 174 1
245 181 1
245 195 1
245 203 1
245 204 1
245 208 1
245 209 1
245 221 1
245 235 1
245 237 1
245 245 1
245 246 1
245 248 1
245 273 1
245 276 1
245 291 1
245 293 1
245 295 1
245 310 1
245 313 1
245 324 1
245 325 1
245 330 1
245 333 1
245 340 1
245 346 1
245 405 1
245 408 1
245 410 1
245 460 1
245 475 1
245 479 1
245 480 1
245 504 1
245 544 1
245 591 1
245 595 1
245 597 1
245 603 1
245 628 1
245 644 1
245 689 1
245 742 1
245 744 1
245 748 1
245 762 1
245 763 1
245 818 1
245 823 1
245 829 1
245 831 1
245 840 1
245 844 1
245 845 1
245 881 1
245 886 1
245 895 1
245 908 1
245 919 1
245 959 1
245 979 1
246 268 2
246 269 2
246 270 2
246 288 2
246 292 2
246 294 2
246 301 2
246 302 2
246 303 2
246 326 2
246 327 2
246 328 2
246 332 2
246 334 2
246 359 3
246 688 2
246 690 2
246 754 2
246 883 2
246 887 2
246 888 2
247 1 4
247 5 4
247 7 4
247 9 4
247 11 4
247 17 4
247 27 4
247 28 4
247 31 4
247 55 4
247 56 4
247 65 4
247 68 4
247 69 4
247 70 4
247 89 4
247 91 4
247 96 4
247 98 4
247 100 4
247 111 4
247 117 4
247 123 4
247 135 4
247 144 4
247 147 4
247 148 4
247 150 4
247 151 4
247 153 4
247 156 4
247 157 4
247 158 4
247 174 4
247 176 4
247 180 4
247 183 4
247 204 4
247 206 4
247 209 4
247 218 4
247 222 4
247 227 4
247 231 4
247 233 4
247 234 4
247 248 4
247 252 4
247 260 3
247 281 4
247 284 4
247 286 4
247 288 4
247 290 4
247 293 4
247 298 4
247 300 4
247 367 4
247 405 4
247 410 4
247 435 4
247 447 4
247 469 4
247 470 4
247 483 4
247 484 4
247 498 4
247 544 4
247 546 4
247 559 4
247 582 4
247 591 4
247 597 4
247 629 5
247 642 4
247 678 4
247 742 4
247 748 4
247 760 3
247 815 4
247 823 4
247 845 4
247 866 4
247 926 4
247 963 4
247 981 4
248 262 3
248 268 3
248 269 3
248 271 3
248 286 3
248 292 3
248 301 2
248 303 3
248 305 3
248 307 2
248 319 3
248 321 2
248 327 3
248 333 3
248 338 3
248 340 3
248 344 3
248 750 3
248 884 3
248 896 3
248 900 3
248 902 3
249 9 3
249 15 3
249 59 4
249 60 3
249 61 3
249 100 3
249 117 3
249 118 3
249 122 3
249 127 3
249 137 3
249 170 3
249 171 3
249 179 3
249 212 3
249 224 3
249 248 2
249 251 2
249 269 3
249 273 3
249 276 3
249 285 3
249 286 3
249 288 3
249 291 3
249 293 2
249 310 3
249 337 2
249 381 3
249 410 3
249 459 2
249 473 3
249 546 3
249 558 3
249 742 3
249 748 3
249 753 4
249 763 3
249 936 4
249 983 3
250 1 4
250 2 4
250 3 4
250 4 4
250 7 4
250 10 4
250 12 4
250 13 4
250 15 4
250 26 4
250 28 4
250 29 4
250 35 4
250 38 4
250 39 4
250 49 4
250 51 4
250 54 4
250 56 4
250 58 4
250 60 4
250 64 4
250 65 4
250 66 4
250 67 4
250 70 4
250 71 4
250 73 4
250 77 4
250 79 4
250 80 4
250 81 4
250 82 4
250 83 4
250 86 4
250 87 4
250 88 4
250 89 4
250 90 4
250 92 4
250 94 4
250 95 4
250 97 4
250 98 4
250 99 4
250 100 4
250 101 4
250 110 4
250 112 4
250 114 4
250 117 4
250 121 4
250 123 4
250 125 4
250 126 4
250 127 4
250 131 4
250 132 4
250 133 4
250 134 4
250 135 4
250 136 4
250 139 4
250 141 4
250 142 3
250 143 4
250 144 4
250 145 4
250 152 4
250 153 4
250 154 4
250 155 4
250 157 4
250 158 4
250 161 4
250 162 4
250 163 4
250 164 4
250 166 4
250 167 4
250 168 4
250 169 4
250 173 4
250 174 4
250 176 4
250 177 4
250 179 4
250 180 4
250 182 4
250 183 4
250 185 4
250 187 4
250 191 4
250 192 4
250 193 4
250 194 4
250 195 4
250 196 4
250 197 4
250 199 4
250 200 4
250 202 4
250 203 4
250 204 4
250 205 4
250 207 4
250 208 4
250 210 4
250 211 4
250 215 4
250 216 4
250 218 4
250 222 4
250 223 4
250 225 4
250 226 4
250 227 4
250 229 4
250 231 4
250 233 4
250 237 4
250 238 4
250 239 4
250 241 4
250 245 4
250 252 4
250 254 4
250 258 4
250 264 4
250 265 4
250 269 4
250 270 4
250 272 4
250 274 4
250 275 4
250 277 4
250 278 4
250 280 4
250 281 4
250 282 4
250 283 4
250 288 4
250 290 4
250 292 4
250 294 4
250 299 4
250 300 4
250 301 4
250 302 4
250 304 4
250 305 4
250 310 4
250 311 4
250 312 3
250 313 4
250 315 4
250 316 4
250 328 4
250 332 4
250 340 4
250 354 4
250 357 4
250 367 4
250 371 4
250 373 4
250 378 4
250 380 4
250 381 4
250 382 4
250 383 4
250 384 4
250 385 4
250 387 4
250 393 4
250 395 4
250 396 4
250 400 5
250 401 3
250 402 4
250 414 4
250 416 4
250 417 4
250 418 4
250 419 4
250 421 4
250 422 4
250 428 4
250 431 4
250 432 4
250 433 4
250 434 4
250 435 4
250 443 4
250 448 3
250 451 4
250 455 4
250 462 4
250 465 4
250 467 4
250 469 4
250 470 4
250 471 4
250 472 4
250 474 4
250 476 4
250 477 4
250 478 4
250 479 4
250 480 4
250 481 4
250 482 4
250 483 4
250 484 4
250 487 4
250 488 4
250 490 4
250 491 4
250 493 4
250 494 4
250 495 4
250 496 4
250 497 4
250 499 4
250 500 4
250 502 4
250 503 4
250 505 4
250 506 4
250 507 4
250 509 4
250 510 4
250 511 4
250 514 4
250 518 4
250 520 4
250 523 4
250 525 4
250 526 4
250 527 4
250 528 4
250 530 4
250 535 4
250 549 4
250 550 4
250 553 4
250 557 4
250 558 3
250 559 3
250 561 4
250 566 4
250 568 4
250 570 4
250 582 4
250 583 4
250 589 4
250 591 4
250 602 4
250 604 4
250 606 4
250 607 4
250 608 4
250 609 4
250 610 4
250 611 4
250 612 4
250 613 4
250 614 4
250 618 4
250 620 4
250 622 4
250 629 4
250 630 3
250 631 4
250 632 4
250 633 4
250 637 4
250 642 4
250 647 4
250 648 4
250 650 4
250 651 4
250 655 4
250 657 4
250 659 4
250 660 4
250 661 4
250 663 4
250 673 4
250 679 4
250 685 4
250 686 4
250 689 4
250 692 4
250 693 4
250 700 4
250 704 4
250 705 4
250 707 4
250 708 4
250 709 4
250 710 4
250 712 4
250 714 4
250 715 4
250 716 4
250 717 4
250 723 4
250 727 4
250 728 4
250 729 4
250 731 4
250 735 4
250 736 4
250 742 4
250 747 4
250 748 4
250 751 4
250 761 4
250 762 4
250 765 4
250 771 4
250 774 4
250 775 4
250 778 4
250 783 4
250 785 4
250 790 4
250 792 4
250 794 4
250 801 4
250 807 4
250 815 4
250 821 4
250 823 4
250 832 4
250 837 4
250 842 4
250 845 4
250 846 4
250 847 4
250 865 4
250 869 4
250 873 4
250 878 4
250 900 4
250 902 4
250 904 4
250 905 4
250 908 4
250 921 4
250 923 4
250 926 3
250 928 4
250 934 4
250 936 4
250 939 4
250 940 4
250 942 4
250 951 4
250 956 4
250 965 4
250 966 4
250 967 3
250 969 4
251 242 2
251 243 2
251 259 2
251 260 2
251 262 2
251 268 2
251 269 2
251 270 2
251 286 2
251 288 2
251 289 2
251 292 2
251 294 2
251 299 2
251 300 2
251 301 2
251 303 2
251 305 2
251 307 2
251 308 2
251 319 2
251 322 2
251 323 2
251 325 2
251 327 2
251 328 2
251 329 2
251 330 2
251 331 2
251 332 2
251 333 2
251 336 2
251 337 2
251 359 2
251 360 2
251 457 1
251 680 2
251 681 2
251 682 2
251 687 2
251 749 2
251 872 2
251 874 2
251 875 1
251 877 2
251 879 2
251 880 2
251 881 2
251 882 2
251 883 2
251 884 2
251 937 2
251 938 2
251 984 2
251 989 2
251 991 2
251 995 2
252 7 3
252 8 3
252 14 4
252 22 3
252 25 3
252 27 3
252 45 3
252 48 3
252 52 3
252 58 3
252 60 3
252 61 4
252 62 3
252 64 4
252 66 3
252 69 3
252 70 3
252 73 3
252 86 3
252 88 3
252 89 3
252 96 3
252 97 3
252 99 3
252 111 3
252 121 3
252 124 4
252 127 3
252 132 4
252 134 4
252 135 4
252 136 3
252 143 3
252 152 3
252 154 4
252 156 4
252 161 3
252 162 4
252 163 3
252 168 3
252 170 4
252 171 3
252 173 3
252 174 3
252 180 4
252 181 3
252 183 3
252 185 3
252 186 3
252 187 4
252 188 3
252 191 3
252 194 3
252 195 3
252 197 3
252 201 3
252 202 3
252 203 4
252 204 3
252 207 3
252 212 3
252 216 3
252 234 3
252 237 3
252 243 3
252 245 3
252 259 3
252 269 3
252 276 3
252 286 3
252 294 3
252 318 3
252 371 3
252 384 3
252 404 3
252 418 3
252 419 3
252 420 4
252 423 3
252 427 4
252 430 3
252 432 3
252 435 4
252 443 3
252 455 3
252 458 3
252 461 3
252 462 3
252 465 3
252 467 3
252 472 3
252 479 4
252 482 3
252 483 4
252 485 3
252 488 3
252 491 4
252 492 3
252 494 4
252 495 3
252 496 3
252 498 3
252 502 4
252 506 4
252 510 3
252 513 3
252 517 3
252 518 3
252 521 3
252 523 4
252 526 3
252 530 4
252 531 3
252 554 3
252 576 3
252 588 3
252 597 3
252 603 4
252 609 3
252 614 4
252 615 4
252 624 3
252 631 3
252 636 3
252 641 3
252 648 3
252 654 4
252 659 3
252 660 3
252 684 3
252 729 3
252 736 4
252 780 2
252 781 3
252 792 3
252 805 3
252 815 4
252 863 3
252 874 3
252 924 3
252 947 4
252 969 3
252 971 3
253 3 3
253 4 3
253 7 3
253 9 3
253 11 3
253 12 3
253 17 3
253 22 3
253 24 3
253 33 3
253 42 3
253 48 3
253 49 3
253 50 3
253 53 3
253 59 3
253 68 3
253 69 3
253 73 3
253 79 3
253 80 3
253 93 3
253 94 3
253 97 3
253 98 3
253 100 3
253 117 3
253 122 3
253 125 3
253 132 3
253 143 3
253 154 3
253 156 3
253 157 3
253 158 3
253 164 3
253 168 3
253 172 3
253 174 3
253 181 3
253 186 3
253 188 3
253 196 3
253 204 3
253 210 3
253 231 3
253 233 3
253 238 3
253 239 3
253 246 3
253 248 3
253 254 3
253 258 3
253 268 3
253 276 3
253 288 3
253 298 3
253 318 3
253 354 3
253 356 3
253 357 3
253 364 3
253 367 3
253 369 3
253 384 3
253 385 3
253 393 3
253 401 3
253 402 3
253 410 3
253 412 3
253 416 3
253 421 3
253 423 3
253 424 3
253 427 3
253 456 3
253 471 3
253 475 3
253 476 3
253 496 3
253 508 3
253 509 3
253 515 3
253 550 3
253 552 3
253 566 3
253 568 3
253 578 3
253 586 3
253 591 3
253 628 3
253 651 3
253 655 3
253 684 3
253 693 3
253 697 3
253 717 3
253 721 3
253 742 3
253 871 3
253 959 3
253 963 3
253 975 3
254 1 2
254 11 2
254 12 2
254 15 2
254 22 2
254 28 2
254 50 2
254 51 2
254 55 2
254 56 2
254 58 2
254 66 2
254 69 2
254 70 2
254 73 2
254 76 2
254 77 2
254 79 2
254 82 2
254 87 2
254 88 2
254 89 2
254 96 2
254 97 2
254 98 2
254 99 2
254 100 2
254 107 2
254 114 3
254 117 2
254 118 2
254 121 2
254 124 2
254 131 2
254 133 2
254 134 2
254 136 2
254 143 2
254 144 2
254 153 2
254 161 2
254 162 2
254 164 2
254 169 2
254 172 2
254 173 2
254 174 2
254 181 2
254 182 2
254 185 2
254 191 2
254 195 2
254 196 2
254 197 2
254 199 2
254 202 2
254 203 2
254 204 2
254 210 2
254 211 2
254 215 2
254 222 2
254 228 2
254 234 2
254 237 2
254 245 2
254 248 2
254 250 2
254 255 2
254 257 2
254 258 2
254 259 2
254 260 1
254 270 3
254 272 3
254 277 2
254 279 3
254 286 2
254 289 2
254 293 2
254 300 2
254 310 3
254 315 2
254 316 2
254 317 2
254 318 2
254 322 3
254 323 2
254 326 2
254 356 2
254 357 2
254 378 2
254 385 2
254 392 2
254 414 2
254 418 2
254 419 2
254 423 2
254 427 2
254 431 2
254 434 2
254 435 2
254 451 2
254 465 3
254 468 3
254 474 2
254 478 2
254 479 2
254 482 2
254 483 2
254 484 2
254 485 2
254 487 2
254 490 3
254 492 2
254 493 3
254 496 2
254 497 2
254 507 3
254 509 2
254 519 2
254 520 2
254 526 2
254 528 2
254 531 2
254 566 2
254 568 2
254 603 2
254 605 3
254 607 2
254 610 2
254 612 3
254 614 2
254 627 2
254 631 2
254 633 3
254 642 2
254 649 2
254 651 2
254 654 2
254 655 2
254 657 2
254 659 2
254 660 2
254 661 3
254 678 2
254 685 2
254 686 2
254 692 2
254 693 2
254 694 2
254 705 2
254 707 2
254 724 3
254 735 2
254 736 2
254 740 2
254 742 2
254 746 3
254 836 3
254 837 3
254 842 2
254 873 2
254 875 2
254 879 2
254 939 2
254 945 3
254 956 2
254 968 2
255 1 3
255 2 3
255 4 3
255 7 3
255 8 3
255 9 3
255 12 3
255 14 3
255 17 3
255 20 3
255 24 3
255 25 3
255 31 3
255 39 3
255 40 4
255 42 3
255 44 3
255 47 3
255 53 3
255 56 3
255 57 3
255 58 3
255 64 3
255 69 3
255 70 3
255 71 3
255 87 3
255 95 3
255 96 3
255 97 3
255 98 3
255 100 3
255 118 3
255 123 3
255 125 3
255 126 3
255 127 3
255 135 3
255 148 3
255 161 3
255 170 3
255 174 3
255 176 3
255 191 3
255 196 3
255 197 3
255 204 3
255 214 3
255 217 3
255 222 3
255 223 3
255 228 3
255 234 3
255 237 3
255 241 3
255 245 3
255 252 3
255 255 3
255 257 3
255 265 3
255 270 3
255 275 3
255 276 3
255 277 3
255 279 3
255 281 3
255 282 3
255 288 3
255 289 3
255 291 3
255 292 3
255 293 3
255 300 3
255 301 3
255 304 3
255 307 3
255 313 3
255 317 3
255 318 3
255 321 3
255 323 3
255 334 3
255 343 3
255 380 3
255 382 3
255 393 3
255 402 3
255 405 3
255 423 3
255 428 3
255 447 3
255 455 3
255 462 3
255 465 3
255 471 3
255 475 3
255 504 3
255 508 3
255 511 3
255 515 3
255 518 3
255 529 3
255 531 3
255 582 3
255 584 3
255 591 3
255 597 3
255 627 3
255 628 3
255 629 3
255 647 4
255 660 3
255 678 3
255 692 3
255 694 3
255 709 3
255 724 3
255 727 3
255 738 3
255 747 3
255 755 3
255 778 3
255 898 3
255 934 3
255 939 3
256 1 3
256 3 3
256 4 3
256 9 3
256 12 3
256 13 3
256 22 3
256 23 3
256 32 3
256 42 3
256 46 4
256 50 3
256 53 3
256 54 3
256 57 3
256 60 3
256 61 3
256 68 3
256 69 3
256 71 3
256 79 3
256 80 3
256 86 3
256 91 3
256 92 3
256 95 3
256 97 3
256 100 3
256 101 3
256 111 3
256 121 3
256 125 3
256 127 3
256 133 3
256 135 3
256 143 3
256 161 3
256 168 3
256 170 3
256 172 3
256 174 3
256 175 3
256 177 3
256 179 3
256 181 3
256 182 3
256 185 3
256 186 3
256 187 3
256 188 3
256 194 3
256 196 3
256 197 3
256 200 3
256 202 3
256 210 3
256 211 3
256 218 3
256 222 3
256 226 3
256 228 3
256 231 3
256 232 3
256 234 3
256 238 3
256 268 3
256 273 3
256 274 3
256 282 3
256 286 3
256 294 3
256 325 4
256 346 3
256 357 3
256 366 3
256 369 3
256 380 3
256 403 3
256 410 3
256 414 3
256 419 3
256 421 3
256 423 3
256 427 3
256 431 3
256 432 3
256 433 3
256 443 3
256 448 3
256 449 3
256 452 3
256 460 3
256 461 4
256 462 3
256 474 4
256 475 3
256 479 4
256 484 3
256 490 4
256 498 4
256 505 3
256 506 3
256 508 3
256 523 3
256 546 3
256 559 3
256 568 3
256 578 3
256 581 4
256 582 3
256 603 3
256 608 4
256 616 3
256 640 3
256 655 3
256 658 3
256 660 3
256 662 3
256 672 3
256 673 3
256 693 3
256 696 3
256 708 3
256 710 3
256 715 3
256 720 3
256 721 3
256 737 3
256 743 3
256 763 3
256 789 3
256 806 3
256 818 4
256 845 3
256 864 3
256 919 4
256 922 3
256 933 3
256 943 4
256 955 4
256 959 3
256 963 4
256 979 4
256 985 4
257 4 4
257 7 4
257 8 4
257 9 4
257 11 4
257 12 4
257 14 4
257 15 4
257 20 4
257 27 4
257 31 4
257 38 4
257 44 4
257 45 4
257 48 4
257 50 4
257 51 4
257 52 4
257 53 4
257 54 4
257 56 4
257 57 4
257 58 4
257 59 4
257 62 4
257 64 4
257 65 4
257 66 4
257 70 4
257 77 4
257 79 4
257 82 4
257 83 4
257 86 4
257 89 4
257 91 4
257 94 4
257 96 4
257 97 4
257 100 4
257 105 4
257 114 4
257 117 4
257 118 4
257 122 4
257 127 4
257 132 4
257 134 4
257 137 4
257 143 4
257 144 4
257 148 4
257 151 4
257 155 4
257 156 4
257 157 4
257 161 4
257 162 4
257 164 4
257 168 4
257 172 4
257 173 4
257 174 4
257 176 4
257 180 4
257 181 4
257 182 4
257 183 4
257 185 4
257 186 4
257 190 4
257 191 4
257 192 4
257 193 4
257 194 4
257 195 4
257 196 4
257 197 4
257 200 4
257 203 4
257 204 4
257 209 4
257 214 4
257 215 4
257 216 4
257 218 4
257 219 3
257 226 4
257 229 4
257 230 4
257 231 4
257 232 4
257 234 4
257 235 4
257 237 4
257 239 4
257 240 4
257 241 4
257 243 3
257 248 4
257 257 4
257 258 4
257 265 4
257 282 4
257 285 4
257 288 4
257 304 4
257 318 4
257 357 4
257 366 4
257 370 4
257 372 4
257 373 4
257 378 4
257 380 4
257 385 4
257 393 4
257 395 4
257 401 4
257 402 4
257 403 4
257 405 4
257 410 4
257 411 4
257 412 4
257 417 4
257 425 4
257 428 4
257 436 4
257 443 4
257 448 4
257 450 4
257 452 4
257 453 4
257 455 4
257 456 4
257 458 4
257 462 4
257 469 4
257 470 4
257 471 4
257 472 4
257 473 4
257 474 4
257 476 4
257 483 4
257 500 5
257 507 4
257 509 4
257 527 4
257 529 4
257 531 4
257 540 4
257 546 4
257 549 4
257 553 4
257 559 4
257 566 4
257 568 4
257 582 4
257 584 4
257 588 4
257 597 4
257 623 4
257 628 4
257 629 4
257 631 4
257 632 4
257 636 4
257 640 4
257 651 4
257 655 4
257 658 4
257 664 4
257 673 4
257 679 4
257 692 4
257 699 4
257 704 4
257 708 4
257 709 4
257 717 4
257 720 4
257 722 4
257 727 4
257 729 4
257 732 4
257 739 4
257 742 4
257 744 4
257 747 4
257 755 4
257 756 4
257 758 3
257 769 4
257 770 4
257 775 4
257 783 4
257 792 4
257 819 4
257 825 4
257 841 4
257 845 4
257 871 4
257 931 4
257 934 4
257 948 4
257 949 4
257 959 4
257 980 4
258 8 4
258 9 4
258 12 4
258 13 3
258 14 4
258 20 4
258 23 4
258 25 3
258 28 4
258 32 4
258 48 3
258 50 4
258 57 4
258 58 4
258 86 4
258 96 4
258 98 4
258 117 4
258 121 4
258 124 4
