201 1 5
201 111 5
201 268 5
201 283 5
201 291 4
201 305 5
201 331 4
201 740 4
202 259 3
202 292 4
202 682 3
202 872 3
202 877 3
202 880 3
202 887 4
202 895 3
202 948 3
203 7 4
203 9 4
203 100 4
203 106 3
203 111 3
203 117 3
203 118 3
203 121 3
203 123 3
203 129 3
203 148 3
203 181 4
203 222 3
203 235 3
203 274 3
203 276 3
203 284 3
203 291 3
203 370 3
203 410 3
203 471 3
203 472 3
203 515 4
203 546 3
203 597 3
203 685 3
203 748 3
203 845 3
203 864 3
203 866 3
203 925 4
203 928 3
204 22 4
204 66 4
204 243 3
204 245 4
204 258 4
204 259 3
204 269 4
204 270 4
204 289 4
204 300 4
204 307 4
204 310 4
204 313 4
204 323 4
204 327 4
204 331 4
204 333 4
204 342 4
204 343 4
204 348 4
204 678 4
204 683 3
204 687 3
204 689 4
204 690 4
204 748 4
204 754 4
204 879 4
204 892 3
204 901 2
205 2 2
205 5 2
205 8 3
205 11 2
205 12 2
205 22 2
205 23 2
205 28 2
205 29 1
205 30 2
205 31 2
205 32 2
205 33 2
205 37 3
205 38 2
205 39 2
205 40 2
205 41 3
205 42 2
205 43 2
205 45 2
205 47 2
205 48 2
205 49 2
205 50 2
205 51 2
205 52 2
205 53 2
205 55 2
205 56 2
205 57 2
205 58 2
205 60 2
205 61 2
205 62 2
205 63 2
205 64 2
205 66 2
205 67 2
205 68 2
205 70 2
205 71 2
205 72 2
205 73 2
205 75 2
205 76 2
205 77 2
205 78 2
205 80 2
205 81 2
205 82 2
205 83 2
205 85 2
205 87 2
205 88 2
205 90 2
205 91 2
205 92 2
205 94 2
205 96 2
205 97 2
205 98 2
205 101 3
205 102 3
205 127 2
205 132 2
205 135 2
205 139 2
205 141 2
205 142 1
205 149 2
205 161 2
205 168 2
205 169 2
205 172 2
205 173 2
205 175 2
205 178 2
205 179 2
205 180 2
205 183 2
205 184 2
205 185 2
205 186 2
205 188 2
205 189 2
205 190 2
205 191 2
205 192 2
205 193 2
205 195 2
205 197 2
205 198 2
205 199 2
205 200 2
205 202 2
205 204 2
205 206 2
205 207 3
205 208 2
205 210 2
205 211 2
205 212 2
205 214 2
205 215 2
205 216 2
205 217 2
205 218 2
205 219 3
205 226 2
205 227 2
205 228 2
205 229 2
205 230 2
205 231 2
205 232 2
205 233 2
205 234 2
205 238 2
205 239 2
205 265 2
205 288 2
205 302 3
205 308 2
205 317 2
205 318 3
205 347 2
205 350 2
205 351 1
205 356 2
205 361 3
205 364 1
205 365 3
205 366 2
205 367 2
205 371 2
205 374 2
205 376 2
205 377 1
205 379 2
205 383 1
205 384 2
205 386 2
205 387 2
205 388 1
205 391 1
205 393 2
205 395 2
205 396 2
205 397 3
205 399 2
205 400 3
205 402 2
205 403 2
205 404 2
205 414 2
205 415 2
205 416 2
205 417 2
205 419 2
205 420 3
205 421 3
205 422 2
205 423 2
205 426 2
205 427 3
205 430 3
205 431 2
205 433 2
205 434 2
205 437 2
205 438 3
205 439 2
205 440 1
205 441 2
205 442 2
205 444 2
205 446 2
205 447 2
205 448 2
205 449 2
205 450 1
205 451 2
205 452 2
205 453 1
205 461 2
205 462 2
205 463 2
205 464 3
205 465 2
205 467 3
205 469 2
205 470 2
205 480 2
205 482 2
205 501 2
205 504 3
205 509 2
205 510 3
205 511 3
205 514 3
205 515 3
205 516 2
205 517 2
205 518 3
205 519 3
205 520 3
205 521 2
205 522 2
205 523 3
205 524 3
205 525 2
205 526 2
205 527 2
205 528 2
205 529 2
205 530 3
205 536 2
205 537 3
205 540 2
205 541 2
205 543 1
205 545 1
205 548 2
205 549 2
205 551 2
205 552 2
205 553 2
205 555 2
205 556 2
205 557 2
205 558 2
205 559 1
205 560 1
205 561 1
205 562 2
205 563 1
205 564 1
205 565 2
205 566 2
205 567 1
205 568 2
205 569 2
205 570 2
205 573 1
205 574 1
205 575 1
205 577 1
205 578 2
205 579 2
205 580 2
205 581 2
205 583 2
205 584 2
205 585 2
205 586 2
205 588 2
205 592 2
205 593 3
205 603 2
205 606 2
205 622 2
205 623 2
205 624 2
205 625 2
205 626 2
205 627 2
205 639 2
205 642 2
205 643 2
205 644 3
205 645 2
205 647 2
205 648 3
205 649 2
205 650 2
205 651 3
205 652 2
205 653 3
205 654 3
205 655 2
205 656 3
205 659 2
205 661 3
205 662 2
205 664 2
205 666 2
205 667 2
205 669 1
205 670 2
205 671 2
205 673 2
205 674 2
205 675 2
205 679 2
205 684 2
205 692 2
205 693 2
205 694 2
205 695 3
205 697 3
205 699 2
205 700 4
205 702 2
205 707 2
205 708 2
205 710 2
205 712 2
205 714 2
205 715 2
205 716 2
205 719 3
205 720 2
205 721 2
205 722 2
205 723 2
205 726 1
205 727 2
205 728 2
205 729 2
205 731 2
205 732 2
205 734 1
205 736 3
205 739 2
205 745 2
205 746 2
205 747 2
205 753 2
205 755 2
205 759 2
205 761 2
205 765 2
205 768 1
205 769 1
205 770 2
205 771 1
205 772 1
205 773 2
205 774 3
205 775 1
205 776 1
205 777 3
205 778 2
205 779 2
205 780 1
205 782 2
205 783 2
205 784 3
205 785 2
205 786 2
205 787 2
205 788 3
205 789 3
205 790 2
205 791 1
205 793 3
205 794 2
205 795 1
205 796 2
205 798 4
205 802 2
205 807 3
205 808 2
205 810 2
205 812 1
205 816 2
205 842 2
205 843 2
205 849 1
205 851 4
205 853 3
205 854 2
205 855 2
205 858 3
205 859 1
205 860 1
205 861 2
205 904 3
205 921 2
205 939 2
205 941 3
205 943 3
205 944 2
205 946 2
205 947 2
205 949 2
205 951 2
205 953 3
205 955 2
205 956 2
205 957 3
205 959 2
205 960 2
205 964 3
205 969 2
205 971 2
205 994 3
205 996 2
205 997 2
205 999 2
206 1 3
206 3 2
206 4 3
206 5 3
206 7 3
206 8 3
206 10 3
206 11 3
206 12 3
206 13 3
206 14 3
206 15 3
206 20 2
206 22 3
206 24 3
206 25 3
206 28 3
206 30 3
206 32 3
206 39 2
206 40 2
206 42 3
206 47 3
206 48 3
206 50 3
206 52 3
206 58 3
206 63 2
206 64 3
206 69 2
206 71 3
206 72 2
206 79 3
206 85 3
206 86 3
206 87 3
206 89 3
206 92 3
206 93 2
206 96 3
206 99 3
206 115 2
206 117 3
206 121 3
206 123 2
206 125 2
206 127 3
206 129 2
206 131 3
206 132 3
206 133 3
206 134 3
206 135 3
206 136 3
206 143 3
206 148 2
206 151 3
206 152 2
206 153 3
206 156 3
206 158 3
206 164 3
206 168 3
206 170 3
206 172 3
206 173 3
206 174 3
206 175 3
206 179 3
206 181 3
206 182 3
206 183 3
206 186 3
206 187 3
206 188 3
206 190 3
206 191 3
206 194 3
206 195 3
206 196 3
206 198 3
206 199 3
206 202 3
206 203 3
206 204 3
206 206 2
206 209 3
206 211 3
206 212 2
206 213 3
206 215 3
206 218 3
206 219 2
206 220 2
206 222 3
206 228 3
206 234 3
206 235 2
206 237 3
206 238 3
206 239 3
206 240 3
206 274 3
206 275 3
206 276 3
206 277 2
206 284 2
206 289 2
206 317 3
206 318 3
206 357 3
206 368 3
206 381 3
206 396 2
206 404 3
206 405 2
206 410 3
206 411 2
206 414 3
206 418 3
206 419 3
206 420 3
206 421 3
206 427 3
206 428 3
206 429 3
206 430 3
206 431 3
206 434 3
206 435 3
206 436 3
206 443 3
206 447 3
206 451 3
206 452 3
206 453 2
206 461 3
206 463 3
206 468 2
206 469 3
206 474 3
206 476 2
206 479 3
206 480 3
206 481 3
206 482 3
206 485 3
206 487 3
206 488 3
206 490 3
206 496 3
206 498 3
206 499 3
206 501 3
206 503 2
206 504 3
206 505 3
206 507 3
206 508 3
206 509 3
206 511 3
206 514 3
206 515 3
206 517 3
206 519 3
206 520 3
206 523 3
206 524 3
206 526 2
206 527 3
206 528 3
206 529 3
206 543 2
206 559 2
206 561 2
206 573 2
206 582 3
206 588 3
206 589 3
206 591 3
206 596 2
206 605 2
206 606 3
206 607 2
206 608 3
206 610 3
206 611 3
206 612 3
206 624 2
206 632 3
206 633 3
206 634 2
206 638 3
206 639 3
206 640 2
206 641 3
206 642 3
206 645 3
206 647 3
206 651 3
206 652 3
206 655 3
206 662 3
206 663 3
206 664 2
206 665 2
206 672 2
206 675 3
206 692 3
206 693 2
206 699 3
206 701 2
206 705 3
206 712 2
206 713 2
206 715 3
206 727 3
206 732 3
206 735 3
206 737 2
206 745 2
206 746 2
206 747 3
206 756 2
206 772 2
206 787 2
206 813 3
206 823 2
206 825 2
206 826 2
206 831 2
206 845 3
206 919 3
206 921 3
206 923 3
206 942 2
206 960 2
206 962 3
207 1 4
207 2 4
207 4 4
207 8 4
207 25 4
207 28 4
207 29 3
207 40 4
207 45 4
207 50 4
207 56 4
207 62 4
207 68 4
207 69 4
207 70 4
207 82 4
207 88 4
207 89 4
207 91 4
207 96 4
207 97 4
207 98 4
207 99 4
207 100 5
207 117 4
207 118 4
207 123 4
207 127 4
207 132 4
207 135 4
207 143 4
207 144 4
207 147 4
207 157 4
207 158 3
207 159 4
207 161 4
207 163 4
207 172 4
207 173 4
207 174 4
207 177 4
207 179 4
207 180 4
207 181 4
207 182 4
207 183 4
207 185 4
207 186 4
207 188 4
207 193 4
207 194 4
207 196 4
207 197 4
207 200 4
207 201 4
207 202 4
207 203 4
207 205 4
207 208 4
207 209 4
207 211 4
207 214 4
207 215 4
207 216 4
207 217 4
207 218 4
207 222 4
207 223 4
207 226 4
207 227 4
207 228 4
207 229 4
207 230 4
207 231 3
207 232 4
207 235 3
207 238 4
207 239 4
207 244 4
207 248 4
207 249 4
207 250 4
207 255 4
207 257 4
207 265 4
207 269 4
207 274 4
207 286 4
207 289 4
207 290 4
207 291 4
207 313 4
207 316 5
207 345 4
207 357 4
207 371 4
207 382 4
207 385 4
207 393 4
207 399 4
207 400 2
207 405 4
207 416 4
207 418 4
207 423 4
207 427 4
207 428 4
207 432 4
207 433 4
207 436 4
207 447 4
207 448 4
207 449 4
207 455 4
207 466 4
207 476 4
207 478 4
207 479 4
207 483 4
207 484 5
207 493 5
207 496 4
207 502 4
207 508 4
207 510 4
207 514 4
207 519 4
207 521 4
207 525 4
207 559 3
207 561 3
207 565 3
207 588 4
207 603 4
207 616 4
207 629 4
207 635 4
207 642 4
207 648 5
207 656 5
207 657 4
207 660 4
207 675 4
207 684 4
207 705 4
207 710 4
207 712 4
207 715 4
207 729 4
207 732 4
207 746 4
207 755 4
207 756 3
207 785 4
207 844 4
207 859 3
207 869 4
207 879 4
207 949 4
207 969 4
207 972 4
207 993 4
208 270 4
208 271 4
208 286 4
208 294 4
208 300 4
208 313 4
208 315 4
208 319 4
208 328 4
208 347 4
208 358 4
208 539 3
208 683 3
208 689 4
208 748 4
209 6 4
209 8 5
209 9 4
209 12 4
209 14 4
209 22 4
209 23 4
209 28 4
209 30 4
209 48 5
209 50 4
209 58 4
209 59 4
209 60 4
209 65 4
209 87 4
209 97 4
209 98 4
209 99 5
209 100 4
209 133 4
209 135 4
209 153 4
209 154 4
209 156 4
209 162 4
209 166 4
209 168 4
209 170 4
209 172 5
209 173 4
209 174 4
209 175 4
209 179 5
209 181 5
209 186 4
209 191 4
209 192 4
209 195 4
209 197 4
209 199 4
209 200 4
209 201 4
209 202 4
209 203 4
209 204 4
209 205 4
209 207 5
209 209 4
209 210 4
209 213 4
209 214 4
209 216 4
209 223 5
209 264 4
209 266 4
209 270 4
209 275 4
209 276 4
209 283 4
209 285 5
209 286 4
209 288 4
209 300 4
209 303 4
209 318 4
209 321 4
209 322 4
209 325 4
209 327 4
209 339 4
209 343 4
209 357 4
209 367 4
209 381 4
209 382 4
209 404 4
209 427 4
209 428 5
209 429 5
209 430 5
209 433 5
209 435 4
209 461 4
209 478 4
209 479 4
209 480 4
209 481 4
209 482 4
209 483 4
209 485 4
209 486 4
209 489 4
209 491 4
209 493 4
209 496 5
209 497 4
209 498 4
209 504 4
209 505 4
209 514 4
209 516 4
209 518 4
209 520 4
209 523 4
209 526 4
209 527 4
209 528 4
209 530 4
209 604 4
209 606 4
209 607 4
209 608 5
209 609 4
209 615 4
209 618 4
209 631 4
209 633 4
209 647 4
209 654 5
209 659 4
209 661 5
209 664 4
209 676 4
209 680 4
209 684 4
209 708 4
209 709 5
209 714 4
209 733 4
209 749 3
209 855 4
209 877 3
209 879 4
209 937 4
209 945 5
209 965 4
209 995 4
210 258 3
210 269 2
210 286 2
210 289 2
210 300 2
210 311 2
210 312 2
210 313 2
210 315 2
210 316 2
210 323 2
210 328 2
210 340 2
210 354 2
210 690 2
210 754 2
210 873 2
210 898 2
210 905 2
211 1 4
211 4 4
211 9 4
211 22 4
211 38 3
211 56 4
211 73 4
211 88 4
211 117 4
211 161 4
211 168 4
211 172 4
211 181 4
211 186 4
211 195 4
211 196 4
211 208 4
211 209 4
211 210 4
211 222 4
211 227 4
211 228 4
211 229 3
211 230 4
211 258 4
211 265 4
211 276 4
211 318 4
211 405 3
211 435 4
211 449 3
211 451 4
211 485 3
211 527 4
211 566 4
211 568 4
211 651 4
211 655 4
211 709 4
211 720 3
211 732 4
211 770 3
212 4 4
212 7 4
212 23 4
212 24 4
212 28 4
212 56 4
212 64 4
212 70 4
212 81 4
212 92 4
212 96 4
212 150 4
212 154 4
212 172 4
212 173 4
212 175 4
212 182 4
212 186 4
212 193 4
212 206 4
212 211 4
212 218 4
212 276 4
212 288 4
212 318 4
212 340 4
212 408 4
212 427 4
212 436 4
212 480 4
212 487 4
212 508 4
212 526 4
212 634 4
212 651 4
212 684 4
212 724 4
213 7 4
213 9 4
213 15 4
213 50 4
213 124 4
213 181 4
213 222 4
213 236 3
213 245 3
213 255 4
213 257 4
213 258 4
213 260 3
213 269 4
213 271 3
213 275 4
213 286 4
213 297 4
213 300 4
213 301 4
213 302 4
213 303 4
213 306 4
213 326 4
213 328 4
213 332 3
213 471 4
213 508 4
213 628 4
213 690 3
213 877 3
213 936 5
214 100 5
214 258 4
214 260 3
214 294 4
214 300 4
214 301 4
214 302 5
214 325 4
214 340 4
214 343 4
214 678 4
214 748 4
215 56 4
215 185 4
215 195 4
215 243 4
215 269 4
215 322 4
215 323 4
215 328 4
215 432 4
215 531 5
215 748 4
215 754 4
216 1 4
216 2 4
216 7 4
216 8 4
216 9 4
216 10 4
216 11 4
216 12 4
216 13 4
216 14 4
216 21 4
216 22 4
216 24 4
216 25 4
216 27 4
216 28 4
216 29 3
